4000
1	3	127
2	3	50
3	2	114
4	2	106
5	2	186
6	1	141
7	3	51
8	2	110
9	1	4
10	2	37
11	2	8
12	1	19
13	1	62
14	2	125
15	1	157
16	3	83
17	2	76
18	2	137
19	2	11
20	3	114
21	3	161
22	2	81
23	3	193
24	3	199
25	3	139
26	2	199
27	3	30
28	2	40
29	2	114
30	1	9
31	2	176
32	3	100
33	2	76
34	3	199
35	3	45
36	1	82
37	3	64
38	1	131
39	1	121
40	3	193
41	2	58
42	1	28
43	2	48
44	1	188
45	2	72
46	2	139
47	3	132
48	1	159
49	2	63
50	1	76
51	3	13
52	2	168
53	3	154
54	3	147
55	2	150
56	3	67
57	1	42
58	2	166
59	3	111
60	1	98
61	2	140
62	2	3
63	3	183
64	1	175
65	1	107
66	1	150
67	2	164
68	3	192
69	2	13
70	1	14
71	2	124
72	1	162
73	1	35
74	1	187
75	1	167
76	3	89
77	1	149
78	3	196
79	3	135
80	2	81
81	3	65
82	2	174
83	2	94
84	2	78
85	2	53
86	1	18
87	2	172
88	3	112
89	1	53
90	3	91
91	1	167
92	1	28
93	2	83
94	2	190
95	3	66
96	3	61
97	3	35
98	3	2
99	3	131
100	2	57
101	3	169
102	1	165
103	3	49
104	3	125
105	2	42
106	2	71
107	2	34
108	2	109
109	2	77
110	3	10
111	1	114
112	2	116
113	3	134
114	1	65
115	1	191
116	1	10
117	1	109
118	1	11
119	3	87
120	3	88
121	1	9
122	2	62
123	1	83
124	3	146
125	3	22
126	2	169
127	2	115
128	1	156
129	3	9
130	3	72
131	1	117
132	1	95
133	3	61
134	3	109
135	2	180
136	3	42
137	2	68
138	1	130
139	1	72
140	3	86
141	3	73
142	3	107
143	1	67
144	3	193
145	2	33
146	1	87
147	1	146
148	2	51
149	3	142
150	2	176
151	3	8
152	2	181
153	1	162
154	1	78
155	2	81
156	2	32
157	3	153
158	2	146
159	2	185
160	1	132
161	1	164
162	1	135
163	2	180
164	2	190
165	3	189
166	2	139
167	1	22
168	2	58
169	2	189
170	3	154
171	1	168
172	3	116
173	2	15
174	3	110
175	3	103
176	1	123
177	3	167
178	2	180
179	1	24
180	1	72
181	2	19
182	3	90
183	3	80
184	2	194
185	3	59
186	2	2
187	2	137
188	2	121
189	2	106
190	3	76
191	3	88
192	2	34
193	1	94
194	3	67
195	1	6
196	3	136
197	3	165
198	2	104
199	2	172
200	3	173
201	3	81
202	3	196
203	3	172
204	3	189
205	1	126
206	3	14
207	2	31
208	2	81
209	2	64
210	2	118
211	1	82
212	1	69
213	2	100
214	3	20
215	2	84
216	1	102
217	2	188
218	1	199
219	3	74
220	2	83
221	1	163
222	1	187
223	2	46
224	3	61
225	2	165
226	1	175
227	1	82
228	3	86
229	3	6
230	1	102
231	1	42
232	1	174
233	2	119
234	2	122
235	3	139
236	2	32
237	1	183
238	2	66
239	2	7
240	2	89
241	1	98
242	2	27
243	1	44
244	2	109
245	2	63
246	1	26
247	1	74
248	3	62
249	3	115
250	1	58
251	2	46
252	3	61
253	2	160
254	1	177
255	1	100
256	1	109
257	3	179
258	1	65
259	2	151
260	2	16
261	1	200
262	2	99
263	2	80
264	3	183
265	2	107
266	2	166
267	3	108
268	3	111
269	3	162
270	3	185
271	2	59
272	2	75
273	1	164
274	3	92
275	3	39
276	1	121
277	3	20
278	3	63
279	2	127
280	2	180
281	2	14
282	2	191
283	3	107
284	3	85
285	2	139
286	1	95
287	3	84
288	3	132
289	3	5
290	2	54
291	2	121
292	2	179
293	1	21
294	1	142
295	2	118
296	2	63
297	2	55
298	1	49
299	2	104
300	1	4
301	1	57
302	2	182
303	3	29
304	2	154
305	1	89
306	3	127
307	1	111
308	1	128
309	3	139
310	2	115
311	2	108
312	2	26
313	1	95
314	1	95
315	3	52
316	1	154
317	3	97
318	1	104
319	1	98
320	1	113
321	3	64
322	2	147
323	2	2
324	1	121
325	3	186
326	1	158
327	3	184
328	1	14
329	3	23
330	1	104
331	3	126
332	1	25
333	3	121
334	2	96
335	1	91
336	3	101
337	1	102
338	1	188
339	1	9
340	1	153
341	1	37
342	3	30
343	2	90
344	3	48
345	1	105
346	3	29
347	3	140
348	2	125
349	1	15
350	2	177
351	1	168
352	2	23
353	1	67
354	3	139
355	1	66
356	2	16
357	3	140
358	2	73
359	1	195
360	3	78
361	1	53
362	3	65
363	3	121
364	2	183
365	2	61
366	3	150
367	3	15
368	1	26
369	2	66
370	3	60
371	1	130
372	1	44
373	3	102
374	1	23
375	2	54
376	3	194
377	3	21
378	3	98
379	2	139
380	2	167
381	3	92
382	3	49
383	3	148
384	3	164
385	2	116
386	3	16
387	1	149
388	3	144
389	2	151
390	1	94
391	3	31
392	3	39
393	1	117
394	2	64
395	2	193
396	1	184
397	1	163
398	3	76
399	1	60
400	3	78
401	2	143
402	1	74
403	2	152
404	1	41
405	1	19
406	3	26
407	1	42
408	3	61
409	2	144
410	3	171
411	3	64
412	3	134
413	1	114
414	3	45
415	1	141
416	1	175
417	1	80
418	2	101
419	2	161
420	1	188
421	3	169
422	2	156
423	2	105
424	3	140
425	2	142
426	1	132
427	3	139
428	2	142
429	1	123
430	1	23
431	1	158
432	2	188
433	2	6
434	3	109
435	3	166
436	3	186
437	1	128
438	3	57
439	3	67
440	1	95
441	3	184
442	2	180
443	3	20
444	1	142
445	1	171
446	3	155
447	3	133
448	2	100
449	1	90
450	1	125
451	1	8
452	3	31
453	1	115
454	3	160
455	3	54
456	2	78
457	1	49
458	3	32
459	1	138
460	1	137
461	3	174
462	2	162
463	2	153
464	2	154
465	1	140
466	1	31
467	3	21
468	1	83
469	2	34
470	3	3
471	3	76
472	1	189
473	2	12
474	3	17
475	3	177
476	1	133
477	3	130
478	3	169
479	1	10
480	2	197
481	1	38
482	3	196
483	2	96
484	3	42
485	3	138
486	2	21
487	1	43
488	2	9
489	2	164
490	3	103
491	3	28
492	3	31
493	2	104
494	1	70
495	3	138
496	2	189
497	1	116
498	3	60
499	3	82
500	1	123
501	1	126
502	2	159
503	2	98
504	3	139
505	3	157
506	1	69
507	2	97
508	2	197
509	3	109
510	3	171
511	1	112
512	1	188
513	1	145
514	3	190
515	2	175
516	3	1
517	2	109
518	1	66
519	1	27
520	2	54
521	1	30
522	2	68
523	1	122
524	1	82
525	2	82
526	2	126
527	2	121
528	2	85
529	2	114
530	1	18
531	2	197
532	1	8
533	2	190
534	1	93
535	3	21
536	2	82
537	2	178
538	3	12
539	3	102
540	1	76
541	2	41
542	1	48
543	3	14
544	1	55
545	1	7
546	1	142
547	1	113
548	1	146
549	3	60
550	2	162
551	3	117
552	3	87
553	1	142
554	3	125
555	3	93
556	1	100
557	2	19
558	3	83
559	3	135
560	2	64
561	1	140
562	2	112
563	2	43
564	2	94
565	2	124
566	1	41
567	1	38
568	3	183
569	3	122
570	3	144
571	3	135
572	1	9
573	1	87
574	3	185
575	3	169
576	1	156
577	2	97
578	1	104
579	2	96
580	2	173
581	3	17
582	3	81
583	2	157
584	2	106
585	1	27
586	2	42
587	1	18
588	3	159
589	1	200
590	2	112
591	2	61
592	1	30
593	3	174
594	3	70
595	3	101
596	1	7
597	3	181
598	2	21
599	2	41
600	3	88
601	1	16
602	2	192
603	1	64
604	1	182
605	1	40
606	2	84
607	2	92
608	3	22
609	3	75
610	1	74
611	1	50
612	1	196
613	3	27
614	2	125
615	3	151
616	1	159
617	2	94
618	2	128
619	2	36
620	2	177
621	2	44
622	1	84
623	3	180
624	2	21
625	1	158
626	2	135
627	3	134
628	3	173
629	2	175
630	1	21
631	3	135
632	3	65
633	3	48
634	2	32
635	2	177
636	2	91
637	3	63
638	3	51
639	1	62
640	1	174
641	1	61
642	3	172
643	1	27
644	1	195
645	2	122
646	1	82
647	3	40
648	3	66
649	3	101
650	3	91
651	3	14
652	2	169
653	3	75
654	3	8
655	3	167
656	1	17
657	2	133
658	1	162
659	1	59
660	1	49
661	1	200
662	3	166
663	1	197
664	3	10
665	2	1
666	3	26
667	2	43
668	1	18
669	2	27
670	1	26
671	1	14
672	2	180
673	1	70
674	1	13
675	3	62
676	2	17
677	2	84
678	2	154
679	2	60
680	1	7
681	3	147
682	3	189
683	3	76
684	1	59
685	1	152
686	2	73
687	3	63
688	2	36
689	3	149
690	1	1
691	3	130
692	2	194
693	1	176
694	1	53
695	3	119
696	3	81
697	3	86
698	2	191
699	3	36
700	1	14
701	2	9
702	3	56
703	3	93
704	2	169
705	1	178
706	3	60
707	1	131
708	2	125
709	3	182
710	1	114
711	3	11
712	3	172
713	2	188
714	3	34
715	1	127
716	3	194
717	3	183
718	3	108
719	1	81
720	3	185
721	2	32
722	1	64
723	3	40
724	3	13
725	3	120
726	1	20
727	2	45
728	3	99
729	1	166
730	2	152
731	1	167
732	2	155
733	2	165
734	1	173
735	3	64
736	3	187
737	1	164
738	1	101
739	2	20
740	3	177
741	3	97
742	3	93
743	2	9
744	2	37
745	3	37
746	1	87
747	1	158
748	1	180
749	3	70
750	1	133
751	2	26
752	2	134
753	1	191
754	2	194
755	1	21
756	2	64
757	2	196
758	2	65
759	2	81
760	3	11
761	2	189
762	1	133
763	3	85
764	2	149
765	1	192
766	2	105
767	1	71
768	2	164
769	2	29
770	1	115
771	2	109
772	2	93
773	1	130
774	1	43
775	2	74
776	1	47
777	2	61
778	3	25
779	1	76
780	1	66
781	3	84
782	3	142
783	3	142
784	2	6
785	2	74
786	2	65
787	2	29
788	3	90
789	1	88
790	2	57
791	1	53
792	1	139
793	1	51
794	1	12
795	1	75
796	1	144
797	2	21
798	3	183
799	3	82
800	2	42
801	3	17
802	3	174
803	2	107
804	3	28
805	1	94
806	1	197
807	3	182
808	2	38
809	1	10
810	3	98
811	3	54
812	2	167
813	3	161
814	2	112
815	3	137
816	3	103
817	1	117
818	2	19
819	3	57
820	3	174
821	1	131
822	3	129
823	1	63
824	3	189
825	3	22
826	3	45
827	3	35
828	1	70
829	3	138
830	1	19
831	2	19
832	3	137
833	2	51
834	1	69
835	2	31
836	2	68
837	2	91
838	3	197
839	2	6
840	1	160
841	1	1
842	1	179
843	3	136
844	3	70
845	2	124
846	2	39
847	2	73
848	1	116
849	2	28
850	1	50
851	2	1
852	3	54
853	3	140
854	2	70
855	1	138
856	3	77
857	1	131
858	1	146
859	1	148
860	2	84
861	3	36
862	2	99
863	3	5
864	1	45
865	2	82
866	2	126
867	1	76
868	2	11
869	1	133
870	2	96
871	1	182
872	1	162
873	1	63
874	1	135
875	2	146
876	3	114
877	3	1
878	3	99
879	3	121
880	3	30
881	2	68
882	3	117
883	3	2
884	3	35
885	1	123
886	3	171
887	3	175
888	2	67
889	1	142
890	1	100
891	1	25
892	2	27
893	2	171
894	3	94
895	1	188
896	1	144
897	2	173
898	1	191
899	2	73
900	2	194
901	2	127
902	1	121
903	1	94
904	2	133
905	1	129
906	2	121
907	3	63
908	2	142
909	3	59
910	1	53
911	1	28
912	3	131
913	2	19
914	1	142
915	3	59
916	3	19
917	1	129
918	3	19
919	2	80
920	2	21
921	2	151
922	2	189
923	1	126
924	2	190
925	2	69
926	1	66
927	2	119
928	3	94
929	2	45
930	2	150
931	3	149
932	2	167
933	3	94
934	3	156
935	2	83
936	2	112
937	2	162
938	3	8
939	1	56
940	1	145
941	1	31
942	2	157
943	2	138
944	3	85
945	3	83
946	1	158
947	2	155
948	3	157
949	1	4
950	3	105
951	2	182
952	1	186
953	2	73
954	3	85
955	1	152
956	1	198
957	3	151
958	1	124
959	2	83
960	3	107
961	1	184
962	3	93
963	2	13
964	3	183
965	2	22
966	1	119
967	3	37
968	3	130
969	1	2
970	2	108
971	1	32
972	2	185
973	1	129
974	2	19
975	3	54
976	3	152
977	2	140
978	1	5
979	1	43
980	2	13
981	1	10
982	3	13
983	3	115
984	2	64
985	1	30
986	3	7
987	2	41
988	3	132
989	3	80
990	1	80
991	1	73
992	2	119
993	1	139
994	2	72
995	3	29
996	2	127
997	2	159
998	2	63
999	3	47
1000	2	20
1001	2	124
1002	3	167
1003	1	33
1004	1	126
1005	2	135
1006	2	95
1007	2	140
1008	2	157
1009	1	164
1010	2	184
1011	2	146
1012	3	90
1013	3	73
1014	2	137
1015	2	136
1016	1	146
1017	3	101
1018	3	136
1019	2	28
1020	3	151
1021	1	20
1022	3	196
1023	2	62
1024	1	86
1025	1	117
1026	1	155
1027	3	140
1028	2	115
1029	2	137
1030	1	85
1031	3	136
1032	1	163
1033	2	172
1034	2	188
1035	3	155
1036	3	65
1037	1	10
1038	3	52
1039	1	35
1040	1	18
1041	2	170
1042	2	125
1043	2	46
1044	2	100
1045	2	141
1046	3	10
1047	3	21
1048	1	179
1049	1	152
1050	2	64
1051	2	98
1052	1	58
1053	1	81
1054	2	71
1055	2	53
1056	2	10
1057	2	141
1058	1	78
1059	3	71
1060	3	79
1061	1	105
1062	3	41
1063	2	134
1064	2	29
1065	1	123
1066	2	48
1067	2	9
1068	3	3
1069	1	158
1070	2	30
1071	3	22
1072	1	155
1073	2	198
1074	1	177
1075	2	129
1076	2	100
1077	1	130
1078	1	92
1079	1	111
1080	2	99
1081	2	3
1082	1	89
1083	1	49
1084	1	9
1085	2	48
1086	2	4
1087	2	61
1088	2	150
1089	1	101
1090	2	6
1091	1	112
1092	1	164
1093	2	102
1094	3	99
1095	1	118
1096	1	76
1097	2	48
1098	2	82
1099	3	116
1100	3	179
1101	2	126
1102	3	55
1103	1	136
1104	3	88
1105	1	8
1106	1	70
1107	1	23
1108	3	196
1109	2	60
1110	2	111
1111	1	1
1112	3	123
1113	3	177
1114	2	25
1115	1	111
1116	2	21
1117	3	117
1118	3	50
1119	1	178
1120	2	115
1121	2	187
1122	1	140
1123	2	187
1124	3	82
1125	1	121
1126	3	145
1127	3	145
1128	3	128
1129	3	156
1130	1	36
1131	2	48
1132	3	85
1133	3	69
1134	3	118
1135	3	148
1136	1	190
1137	1	101
1138	3	36
1139	3	182
1140	1	189
1141	2	16
1142	3	156
1143	1	50
1144	3	139
1145	2	133
1146	3	38
1147	3	18
1148	2	182
1149	3	81
1150	3	110
1151	1	63
1152	3	152
1153	3	71
1154	1	45
1155	3	14
1156	3	25
1157	3	1
1158	1	21
1159	1	33
1160	1	50
1161	2	189
1162	2	159
1163	1	105
1164	2	76
1165	1	40
1166	3	180
1167	1	150
1168	1	90
1169	2	195
1170	1	111
1171	2	43
1172	1	39
1173	1	83
1174	3	13
1175	2	16
1176	3	189
1177	1	68
1178	3	104
1179	3	153
1180	3	86
1181	3	97
1182	1	183
1183	2	196
1184	2	59
1185	2	130
1186	1	98
1187	3	198
1188	2	96
1189	1	40
1190	3	40
1191	2	139
1192	1	53
1193	2	119
1194	2	193
1195	1	67
1196	1	85
1197	3	125
1198	3	87
1199	1	36
1200	1	15
1201	3	192
1202	3	169
1203	2	181
1204	1	149
1205	2	41
1206	1	108
1207	2	78
1208	1	12
1209	2	23
1210	3	164
1211	2	64
1212	1	125
1213	1	5
1214	3	41
1215	3	78
1216	3	83
1217	2	43
1218	3	132
1219	2	175
1220	1	139
1221	3	182
1222	2	54
1223	2	72
1224	1	72
1225	3	83
1226	2	6
1227	3	34
1228	3	64
1229	2	129
1230	3	88
1231	2	189
1232	3	80
1233	2	36
1234	3	44
1235	3	37
1236	1	178
1237	1	110
1238	2	86
1239	2	78
1240	3	178
1241	3	118
1242	1	66
1243	3	194
1244	1	90
1245	3	127
1246	2	147
1247	3	134
1248	2	64
1249	2	1
1250	1	14
1251	1	56
1252	2	101
1253	2	130
1254	1	142
1255	1	174
1256	1	161
1257	3	131
1258	1	193
1259	3	37
1260	1	113
1261	2	29
1262	3	19
1263	1	194
1264	1	125
1265	2	177
1266	2	131
1267	2	10
1268	1	181
1269	2	66
1270	3	97
1271	2	144
1272	2	77
1273	2	12
1274	1	10
1275	2	106
1276	1	90
1277	2	169
1278	1	2
1279	1	44
1280	1	100
1281	2	133
1282	1	53
1283	1	119
1284	3	146
1285	3	145
1286	1	24
1287	2	164
1288	3	73
1289	1	69
1290	2	67
1291	2	76
1292	3	36
1293	3	102
1294	1	58
1295	3	13
1296	1	151
1297	2	141
1298	2	34
1299	2	24
1300	3	134
1301	1	180
1302	2	67
1303	2	75
1304	3	122
1305	1	76
1306	2	133
1307	3	124
1308	1	76
1309	2	39
1310	3	17
1311	1	78
1312	1	166
1313	1	87
1314	3	128
1315	3	158
1316	2	147
1317	1	141
1318	3	52
1319	2	153
1320	2	135
1321	1	21
1322	1	112
1323	2	81
1324	3	84
1325	2	167
1326	3	186
1327	3	46
1328	2	41
1329	3	195
1330	2	31
1331	2	93
1332	1	60
1333	2	134
1334	2	36
1335	2	181
1336	2	157
1337	1	136
1338	3	50
1339	1	154
1340	3	59
1341	1	56
1342	2	191
1343	2	185
1344	2	31
1345	3	147
1346	1	54
1347	1	176
1348	1	169
1349	3	51
1350	2	87
1351	3	5
1352	1	157
1353	3	32
1354	3	108
1355	3	4
1356	3	131
1357	2	99
1358	3	172
1359	3	152
1360	1	154
1361	1	68
1362	1	76
1363	2	110
1364	3	110
1365	3	136
1366	1	156
1367	2	31
1368	1	162
1369	3	28
1370	3	98
1371	2	109
1372	1	135
1373	2	186
1374	1	166
1375	3	92
1376	3	92
1377	3	194
1378	1	126
1379	1	8
1380	1	135
1381	1	30
1382	3	187
1383	3	75
1384	3	95
1385	1	184
1386	2	60
1387	1	75
1388	2	90
1389	2	132
1390	1	195
1391	1	63
1392	3	161
1393	2	120
1394	2	8
1395	1	5
1396	3	25
1397	3	172
1398	2	109
1399	2	179
1400	3	28
1401	1	197
1402	2	5
1403	3	166
1404	1	44
1405	3	27
1406	2	133
1407	2	88
1408	3	29
1409	3	73
1410	1	160
1411	3	168
1412	2	137
1413	3	21
1414	2	104
1415	2	9
1416	1	96
1417	1	136
1418	1	177
1419	1	128
1420	1	4
1421	3	33
1422	1	47
1423	3	52
1424	2	37
1425	3	132
1426	3	72
1427	1	35
1428	2	109
1429	1	133
1430	2	5
1431	3	119
1432	3	189
1433	2	116
1434	1	49
1435	1	37
1436	3	9
1437	3	168
1438	2	59
1439	1	156
1440	3	23
1441	2	170
1442	2	4
1443	3	45
1444	3	107
1445	1	195
1446	1	50
1447	2	22
1448	3	38
1449	3	168
1450	3	105
1451	3	95
1452	3	170
1453	1	76
1454	1	115
1455	3	160
1456	1	188
1457	2	183
1458	3	137
1459	1	199
1460	3	189
1461	2	52
1462	2	106
1463	2	13
1464	3	157
1465	1	20
1466	1	129
1467	2	1
1468	1	105
1469	1	92
1470	2	109
1471	1	23
1472	1	55
1473	1	4
1474	3	25
1475	1	104
1476	3	110
1477	1	90
1478	3	142
1479	2	132
1480	1	40
1481	1	60
1482	2	88
1483	2	30
1484	3	138
1485	3	76
1486	3	22
1487	3	89
1488	2	109
1489	1	97
1490	2	12
1491	2	8
1492	1	19
1493	2	149
1494	2	15
1495	1	37
1496	3	174
1497	3	123
1498	1	187
1499	1	195
1500	1	43
1501	1	33
1502	3	182
1503	1	156
1504	3	68
1505	3	101
1506	1	98
1507	2	57
1508	2	115
1509	3	49
1510	1	34
1511	1	18
1512	3	44
1513	2	122
1514	3	97
1515	1	71
1516	1	158
1517	2	147
1518	2	77
1519	1	119
1520	3	193
1521	3	183
1522	1	127
1523	1	11
1524	3	46
1525	3	100
1526	1	179
1527	1	111
1528	3	41
1529	2	133
1530	3	130
1531	2	130
1532	3	74
1533	3	74
1534	3	12
1535	1	99
1536	2	89
1537	1	18
1538	3	95
1539	1	138
1540	2	136
1541	2	112
1542	3	148
1543	3	15
1544	3	173
1545	2	29
1546	2	121
1547	3	159
1548	2	137
1549	2	36
1550	2	180
1551	1	180
1552	2	47
1553	2	164
1554	2	77
1555	2	125
1556	3	3
1557	3	193
1558	2	32
1559	1	154
1560	1	92
1561	3	112
1562	1	113
1563	3	157
1564	3	130
1565	1	188
1566	1	112
1567	3	179
1568	2	44
1569	2	162
1570	2	57
1571	2	129
1572	1	4
1573	1	81
1574	1	2
1575	1	133
1576	3	51
1577	1	56
1578	1	56
1579	3	77
1580	1	100
1581	2	114
1582	3	71
1583	3	177
1584	1	82
1585	1	43
1586	2	50
1587	1	188
1588	1	17
1589	2	117
1590	1	43
1591	2	88
1592	1	174
1593	3	155
1594	3	145
1595	2	138
1596	1	102
1597	2	38
1598	2	53
1599	1	171
1600	2	147
1601	2	153
1602	3	85
1603	2	35
1604	3	127
1605	3	160
1606	2	22
1607	3	38
1608	3	161
1609	1	153
1610	2	191
1611	3	119
1612	2	133
1613	1	59
1614	2	20
1615	2	70
1616	2	160
1617	1	16
1618	1	2
1619	1	68
1620	1	84
1621	2	76
1622	3	85
1623	2	99
1624	2	47
1625	2	169
1626	3	85
1627	3	128
1628	2	108
1629	1	174
1630	2	79
1631	2	160
1632	1	157
1633	3	152
1634	1	179
1635	1	59
1636	1	127
1637	2	17
1638	1	101
1639	3	172
1640	2	142
1641	3	47
1642	1	57
1643	3	20
1644	2	74
1645	3	181
1646	1	151
1647	1	137
1648	1	64
1649	1	165
1650	1	150
1651	1	4
1652	3	69
1653	3	151
1654	3	17
1655	3	84
1656	1	170
1657	2	50
1658	1	113
1659	3	191
1660	2	178
1661	1	112
1662	1	63
1663	3	94
1664	1	34
1665	1	119
1666	3	124
1667	1	41
1668	3	8
1669	2	12
1670	1	146
1671	1	158
1672	1	101
1673	1	144
1674	2	93
1675	3	23
1676	1	127
1677	2	194
1678	1	22
1679	3	46
1680	3	59
1681	2	97
1682	3	39
1683	3	138
1684	3	55
1685	1	132
1686	2	13
1687	2	29
1688	3	23
1689	3	178
1690	1	159
1691	2	49
1692	1	22
1693	3	114
1694	3	16
1695	3	12
1696	1	166
1697	2	177
1698	2	190
1699	1	61
1700	3	147
1701	3	43
1702	2	150
1703	1	57
1704	1	9
1705	2	173
1706	2	42
1707	1	76
1708	3	152
1709	3	9
1710	3	47
1711	2	182
1712	2	47
1713	3	102
1714	1	49
1715	2	126
1716	3	8
1717	2	63
1718	3	98
1719	3	185
1720	1	144
1721	3	183
1722	1	33
1723	1	189
1724	1	6
1725	1	25
1726	2	154
1727	3	116
1728	3	189
1729	1	118
1730	2	30
1731	3	130
1732	2	63
1733	2	102
1734	1	134
1735	3	56
1736	1	11
1737	2	124
1738	3	119
1739	3	135
1740	2	147
1741	1	45
1742	1	81
1743	2	56
1744	3	70
1745	1	150
1746	1	131
1747	2	19
1748	3	106
1749	1	90
1750	1	47
1751	2	13
1752	3	194
1753	2	179
1754	1	173
1755	1	111
1756	1	88
1757	2	30
1758	2	51
1759	1	82
1760	2	188
1761	1	97
1762	3	110
1763	3	79
1764	2	8
1765	2	13
1766	2	122
1767	3	145
1768	1	3
1769	3	175
1770	1	185
1771	2	62
1772	2	71
1773	1	147
1774	2	200
1775	1	111
1776	2	56
1777	1	137
1778	2	58
1779	1	112
1780	1	28
1781	3	50
1782	1	200
1783	2	135
1784	3	50
1785	3	10
1786	1	7
1787	1	115
1788	1	64
1789	2	62
1790	3	51
1791	3	139
1792	3	118
1793	1	189
1794	1	138
1795	3	27
1796	2	17
1797	1	87
1798	3	16
1799	1	26
1800	1	21
1801	3	12
1802	2	132
1803	1	144
1804	2	135
1805	1	151
1806	3	126
1807	1	70
1808	2	118
1809	3	48
1810	2	47
1811	3	5
1812	2	166
1813	3	31
1814	3	78
1815	2	148
1816	3	72
1817	1	168
1818	3	9
1819	2	150
1820	1	129
1821	3	188
1822	1	85
1823	1	26
1824	1	102
1825	3	15
1826	2	111
1827	2	45
1828	1	99
1829	3	80
1830	3	134
1831	2	22
1832	3	97
1833	1	35
1834	3	160
1835	1	187
1836	3	114
1837	2	115
1838	1	145
1839	3	131
1840	3	189
1841	2	68
1842	2	200
1843	2	107
1844	1	199
1845	3	26
1846	1	3
1847	2	26
1848	1	127
1849	2	119
1850	2	67
1851	1	55
1852	2	16
1853	1	99
1854	3	70
1855	2	101
1856	3	142
1857	2	92
1858	3	22
1859	3	12
1860	3	94
1861	3	9
1862	2	177
1863	1	176
1864	1	168
1865	2	153
1866	1	100
1867	3	183
1868	3	145
1869	2	114
1870	1	172
1871	3	19
1872	2	171
1873	2	47
1874	1	177
1875	3	20
1876	1	119
1877	1	98
1878	1	142
1879	1	30
1880	3	106
1881	3	116
1882	2	153
1883	1	67
1884	2	44
1885	3	65
1886	1	24
1887	1	4
1888	3	181
1889	3	35
1890	3	38
1891	1	64
1892	3	172
1893	3	88
1894	2	155
1895	2	141
1896	2	4
1897	3	13
1898	1	164
1899	2	58
1900	2	76
1901	1	70
1902	2	24
1903	2	17
1904	2	200
1905	3	106
1906	2	200
1907	2	103
1908	2	9
1909	2	112
1910	3	100
1911	1	103
1912	3	109
1913	3	86
1914	3	190
1915	1	116
1916	2	106
1917	2	36
1918	1	182
1919	1	135
1920	1	169
1921	3	98
1922	3	62
1923	3	116
1924	2	64
1925	2	46
1926	3	130
1927	3	55
1928	3	180
1929	1	37
1930	3	172
1931	1	58
1932	1	96
1933	1	194
1934	2	129
1935	2	163
1936	2	173
1937	3	191
1938	1	104
1939	2	166
1940	2	114
1941	2	129
1942	3	62
1943	1	83
1944	2	105
1945	1	174
1946	2	167
1947	1	161
1948	1	130
1949	2	46
1950	3	12
1951	1	187
1952	2	162
1953	2	94
1954	1	42
1955	2	164
1956	1	200
1957	3	108
1958	1	183
1959	2	19
1960	3	153
1961	1	49
1962	3	98
1963	3	26
1964	2	36
1965	2	168
1966	3	48
1967	3	67
1968	2	1
1969	3	164
1970	1	86
1971	1	70
1972	2	23
1973	1	93
1974	2	149
1975	2	7
1976	3	100
1977	1	121
1978	3	9
1979	2	134
1980	2	89
1981	3	15
1982	3	139
1983	3	42
1984	1	53
1985	3	38
1986	3	53
1987	2	80
1988	1	39
1989	1	34
1990	2	183
1991	1	30
1992	1	82
1993	1	137
1994	3	35
1995	2	154
1996	1	61
1997	2	101
1998	1	135
1999	3	139
2000	3	25
2001	1	4
2002	1	73
2003	2	180
2004	2	92
2005	2	78
2006	3	183
2007	1	3
2008	1	92
2009	3	19
2010	1	159
2011	3	80
2012	3	109
2013	2	117
2014	3	200
2015	2	93
2016	2	8
2017	3	32
2018	3	141
2019	2	65
2020	1	157
2021	2	184
2022	3	127
2023	1	44
2024	3	132
2025	2	20
2026	1	141
2027	2	128
2028	3	30
2029	2	98
2030	1	17
2031	1	129
2032	2	164
2033	2	163
2034	1	83
2035	1	26
2036	2	87
2037	2	117
2038	3	181
2039	3	154
2040	1	134
2041	2	1
2042	2	103
2043	3	98
2044	2	134
2045	1	140
2046	1	115
2047	3	44
2048	1	48
2049	1	112
2050	1	25
2051	1	50
2052	3	77
2053	3	27
2054	3	66
2055	1	195
2056	2	148
2057	2	116
2058	1	165
2059	3	181
2060	3	116
2061	1	149
2062	3	98
2063	2	22
2064	2	78
2065	1	199
2066	1	186
2067	2	163
2068	2	76
2069	3	111
2070	2	51
2071	1	195
2072	2	34
2073	1	110
2074	2	16
2075	2	117
2076	2	141
2077	1	4
2078	1	2
2079	2	129
2080	1	197
2081	1	31
2082	1	21
2083	3	17
2084	1	177
2085	1	37
2086	1	12
2087	1	16
2088	3	135
2089	2	63
2090	1	24
2091	2	133
2092	2	36
2093	1	26
2094	3	44
2095	2	92
2096	3	25
2097	1	75
2098	1	152
2099	2	183
2100	1	75
2101	2	129
2102	3	34
2103	1	107
2104	2	102
2105	3	36
2106	1	185
2107	1	113
2108	1	73
2109	2	158
2110	2	184
2111	3	3
2112	2	30
2113	3	191
2114	3	116
2115	2	157
2116	2	195
2117	1	154
2118	3	23
2119	2	101
2120	3	97
2121	1	159
2122	2	105
2123	1	141
2124	1	131
2125	1	80
2126	1	52
2127	3	135
2128	2	91
2129	2	104
2130	3	143
2131	3	18
2132	1	62
2133	3	39
2134	3	109
2135	1	42
2136	3	133
2137	2	72
2138	2	200
2139	2	84
2140	3	114
2141	3	90
2142	2	188
2143	2	51
2144	1	86
2145	2	195
2146	2	92
2147	1	44
2148	2	107
2149	3	142
2150	2	117
2151	1	153
2152	2	139
2153	3	35
2154	3	161
2155	1	196
2156	3	112
2157	1	148
2158	2	7
2159	1	28
2160	3	190
2161	2	9
2162	1	160
2163	3	122
2164	2	63
2165	3	65
2166	2	143
2167	2	114
2168	1	128
2169	3	126
2170	2	110
2171	2	192
2172	3	16
2173	2	42
2174	2	16
2175	1	7
2176	2	67
2177	3	191
2178	1	110
2179	2	71
2180	1	200
2181	3	26
2182	3	77
2183	2	134
2184	2	17
2185	2	33
2186	1	173
2187	1	174
2188	3	36
2189	2	14
2190	1	137
2191	3	98
2192	3	193
2193	2	23
2194	2	133
2195	3	1
2196	2	106
2197	3	60
2198	3	148
2199	1	106
2200	1	100
2201	1	144
2202	1	41
2203	1	133
2204	1	29
2205	3	131
2206	3	154
2207	3	122
2208	1	15
2209	3	16
2210	3	94
2211	2	157
2212	1	93
2213	1	177
2214	3	6
2215	2	71
2216	3	123
2217	3	194
2218	3	200
2219	3	166
2220	2	188
2221	1	61
2222	3	138
2223	1	169
2224	3	51
2225	3	104
2226	3	101
2227	2	83
2228	1	89
2229	2	109
2230	3	1
2231	3	105
2232	1	44
2233	2	9
2234	2	162
2235	2	119
2236	1	26
2237	2	194
2238	2	181
2239	2	169
2240	1	150
2241	3	126
2242	3	112
2243	2	31
2244	2	103
2245	2	185
2246	2	158
2247	1	148
2248	3	69
2249	1	167
2250	2	141
2251	1	35
2252	1	25
2253	1	157
2254	2	109
2255	1	146
2256	3	171
2257	2	79
2258	2	31
2259	1	87
2260	1	132
2261	2	199
2262	1	27
2263	1	49
2264	1	178
2265	3	53
2266	2	77
2267	3	24
2268	3	82
2269	1	110
2270	2	137
2271	3	63
2272	3	23
2273	3	189
2274	2	162
2275	1	15
2276	3	118
2277	1	131
2278	1	68
2279	1	135
2280	2	61
2281	1	121
2282	2	6
2283	1	173
2284	3	96
2285	1	190
2286	2	37
2287	1	109
2288	3	33
2289	1	144
2290	2	12
2291	2	200
2292	3	156
2293	1	157
2294	1	63
2295	3	13
2296	3	179
2297	3	154
2298	1	78
2299	3	178
2300	2	75
2301	1	11
2302	1	162
2303	1	56
2304	1	170
2305	1	117
2306	1	28
2307	1	177
2308	3	84
2309	2	101
2310	1	101
2311	3	92
2312	3	87
2313	3	105
2314	1	36
2315	2	127
2316	1	182
2317	3	13
2318	1	17
2319	1	69
2320	2	144
2321	2	195
2322	1	32
2323	1	119
2324	2	20
2325	3	96
2326	1	41
2327	3	126
2328	2	118
2329	2	111
2330	3	133
2331	2	159
2332	3	86
2333	1	175
2334	3	66
2335	3	15
2336	3	85
2337	2	169
2338	2	200
2339	1	82
2340	1	53
2341	2	60
2342	3	193
2343	1	169
2344	1	143
2345	3	83
2346	1	195
2347	2	116
2348	3	32
2349	3	119
2350	2	23
2351	3	122
2352	2	31
2353	3	62
2354	2	9
2355	1	51
2356	2	181
2357	2	55
2358	1	136
2359	3	116
2360	3	126
2361	3	49
2362	3	12
2363	3	58
2364	2	43
2365	2	5
2366	1	42
2367	1	141
2368	3	108
2369	1	177
2370	1	39
2371	1	111
2372	1	183
2373	3	19
2374	1	121
2375	1	3
2376	2	52
2377	1	67
2378	3	18
2379	3	32
2380	2	15
2381	1	81
2382	3	77
2383	3	3
2384	2	47
2385	3	133
2386	1	20
2387	1	42
2388	2	152
2389	2	38
2390	1	126
2391	2	77
2392	2	15
2393	1	178
2394	3	63
2395	1	189
2396	1	100
2397	1	143
2398	2	176
2399	3	198
2400	3	113
2401	3	105
2402	3	190
2403	1	186
2404	1	119
2405	2	89
2406	2	120
2407	3	176
2408	3	169
2409	2	12
2410	3	105
2411	2	46
2412	1	138
2413	2	122
2414	1	21
2415	2	27
2416	1	145
2417	3	169
2418	2	164
2419	1	78
2420	1	148
2421	3	29
2422	3	147
2423	2	64
2424	1	181
2425	3	59
2426	2	28
2427	1	58
2428	3	68
2429	3	58
2430	1	186
2431	3	45
2432	3	168
2433	2	189
2434	3	190
2435	3	56
2436	3	96
2437	3	75
2438	3	85
2439	2	54
2440	1	66
2441	1	100
2442	3	78
2443	3	181
2444	2	199
2445	2	137
2446	2	152
2447	2	143
2448	1	105
2449	1	176
2450	3	102
2451	3	127
2452	2	146
2453	2	108
2454	1	189
2455	1	148
2456	1	187
2457	2	181
2458	1	23
2459	3	90
2460	1	101
2461	3	80
2462	2	129
2463	2	67
2464	2	87
2465	3	6
2466	3	200
2467	2	12
2468	2	107
2469	2	34
2470	1	178
2471	3	131
2472	2	39
2473	3	12
2474	1	131
2475	3	166
2476	1	7
2477	3	156
2478	1	198
2479	2	193
2480	2	60
2481	2	93
2482	2	172
2483	3	166
2484	1	10
2485	3	59
2486	3	130
2487	3	80
2488	3	43
2489	1	98
2490	1	54
2491	2	65
2492	2	98
2493	2	162
2494	2	5
2495	3	169
2496	3	161
2497	3	49
2498	2	168
2499	1	49
2500	3	183
2501	1	159
2502	2	151
2503	2	105
2504	3	14
2505	1	150
2506	3	149
2507	3	25
2508	2	139
2509	2	44
2510	2	88
2511	3	119
2512	1	196
2513	1	131
2514	2	184
2515	3	58
2516	3	62
2517	3	143
2518	3	140
2519	2	129
2520	3	29
2521	3	38
2522	3	69
2523	1	42
2524	3	24
2525	3	85
2526	1	44
2527	3	82
2528	2	139
2529	1	110
2530	3	67
2531	3	111
2532	1	109
2533	1	64
2534	3	25
2535	1	138
2536	1	175
2537	3	143
2538	3	6
2539	2	198
2540	3	167
2541	3	184
2542	1	192
2543	1	67
2544	1	18
2545	2	80
2546	1	84
2547	1	123
2548	1	175
2549	3	140
2550	3	125
2551	1	128
2552	2	62
2553	3	50
2554	2	154
2555	2	7
2556	1	160
2557	2	140
2558	1	175
2559	2	199
2560	2	79
2561	3	23
2562	1	73
2563	2	161
2564	1	109
2565	1	130
2566	1	196
2567	1	121
2568	3	6
2569	1	49
2570	2	182
2571	3	14
2572	1	44
2573	2	118
2574	1	170
2575	2	183
2576	2	177
2577	3	82
2578	3	63
2579	3	192
2580	1	119
2581	1	141
2582	1	143
2583	1	168
2584	1	183
2585	3	179
2586	2	1
2587	2	18
2588	2	145
2589	3	103
2590	1	176
2591	1	70
2592	3	76
2593	3	57
2594	2	113
2595	3	18
2596	2	152
2597	3	166
2598	3	118
2599	3	60
2600	3	49
2601	1	131
2602	2	71
2603	3	83
2604	3	76
2605	2	21
2606	2	92
2607	1	17
2608	2	14
2609	1	86
2610	2	152
2611	3	43
2612	1	4
2613	1	18
2614	2	59
2615	1	160
2616	3	38
2617	1	9
2618	1	146
2619	3	184
2620	2	156
2621	1	80
2622	3	120
2623	2	73
2624	1	134
2625	1	149
2626	1	184
2627	1	63
2628	1	138
2629	3	57
2630	1	182
2631	2	127
2632	3	87
2633	3	55
2634	2	141
2635	1	39
2636	1	37
2637	3	195
2638	2	3
2639	2	136
2640	2	171
2641	2	50
2642	1	77
2643	3	128
2644	3	180
2645	3	170
2646	2	61
2647	2	24
2648	3	80
2649	3	46
2650	1	135
2651	3	26
2652	3	105
2653	2	81
2654	2	174
2655	1	37
2656	2	158
2657	3	83
2658	1	18
2659	3	182
2660	2	111
2661	2	177
2662	2	123
2663	2	46
2664	1	165
2665	2	168
2666	2	53
2667	1	93
2668	1	34
2669	3	120
2670	3	177
2671	3	12
2672	1	143
2673	2	91
2674	1	163
2675	2	83
2676	3	13
2677	3	111
2678	3	63
2679	1	183
2680	1	61
2681	2	185
2682	3	126
2683	1	14
2684	3	173
2685	1	22
2686	2	8
2687	2	52
2688	2	52
2689	3	196
2690	2	197
2691	1	47
2692	3	133
2693	1	57
2694	2	55
2695	1	102
2696	1	142
2697	3	102
2698	1	172
2699	1	108
2700	2	131
2701	2	88
2702	1	86
2703	3	15
2704	3	27
2705	3	180
2706	2	24
2707	1	1
2708	2	71
2709	2	66
2710	1	185
2711	1	191
2712	2	178
2713	3	96
2714	3	28
2715	2	107
2716	2	157
2717	3	148
2718	3	150
2719	3	136
2720	3	148
2721	2	113
2722	1	172
2723	2	175
2724	1	43
2725	1	95
2726	1	90
2727	1	11
2728	3	122
2729	1	41
2730	1	29
2731	1	164
2732	3	172
2733	3	137
2734	1	140
2735	3	135
2736	2	42
2737	1	117
2738	2	107
2739	1	66
2740	3	171
2741	3	115
2742	3	167
2743	1	177
2744	1	170
2745	2	51
2746	3	178
2747	2	108
2748	3	120
2749	1	162
2750	2	132
2751	1	57
2752	3	131
2753	1	109
2754	3	106
2755	3	77
2756	1	148
2757	1	185
2758	3	15
2759	2	8
2760	2	7
2761	3	173
2762	2	75
2763	3	184
2764	1	179
2765	2	110
2766	2	160
2767	3	74
2768	1	112
2769	2	167
2770	2	120
2771	3	161
2772	1	133
2773	3	105
2774	2	186
2775	1	27
2776	2	94
2777	3	105
2778	3	95
2779	1	122
2780	3	174
2781	1	121
2782	3	93
2783	1	132
2784	3	121
2785	2	57
2786	2	119
2787	3	194
2788	2	160
2789	1	65
2790	1	155
2791	3	13
2792	2	149
2793	2	72
2794	1	43
2795	2	181
2796	3	154
2797	2	161
2798	1	105
2799	2	166
2800	1	185
2801	1	75
2802	1	3
2803	3	196
2804	3	193
2805	3	52
2806	2	193
2807	3	37
2808	1	144
2809	2	188
2810	2	52
2811	3	149
2812	3	148
2813	1	3
2814	2	52
2815	3	26
2816	3	189
2817	1	162
2818	2	107
2819	1	63
2820	1	92
2821	2	1
2822	1	24
2823	3	82
2824	2	26
2825	1	78
2826	3	197
2827	3	14
2828	1	18
2829	3	128
2830	1	165
2831	1	161
2832	2	33
2833	3	174
2834	2	145
2835	3	128
2836	2	85
2837	2	56
2838	2	109
2839	2	192
2840	3	111
2841	2	87
2842	1	49
2843	3	7
2844	2	7
2845	3	65
2846	2	190
2847	3	187
2848	3	103
2849	3	47
2850	3	52
2851	3	96
2852	2	137
2853	3	43
2854	1	127
2855	2	144
2856	3	90
2857	1	49
2858	1	102
2859	3	96
2860	2	24
2861	3	21
2862	3	176
2863	2	109
2864	3	145
2865	1	199
2866	1	141
2867	3	11
2868	1	118
2869	1	38
2870	3	180
2871	2	138
2872	3	195
2873	1	125
2874	3	11
2875	2	58
2876	3	198
2877	3	173
2878	2	77
2879	2	21
2880	3	162
2881	3	122
2882	1	126
2883	3	81
2884	1	37
2885	3	104
2886	1	33
2887	3	37
2888	1	180
2889	1	33
2890	1	126
2891	2	116
2892	3	155
2893	1	160
2894	2	59
2895	2	151
2896	2	18
2897	3	108
2898	1	130
2899	1	150
2900	2	8
2901	1	19
2902	3	34
2903	3	33
2904	3	128
2905	1	60
2906	1	64
2907	2	124
2908	1	131
2909	2	93
2910	3	16
2911	3	199
2912	3	47
2913	3	98
2914	1	5
2915	2	103
2916	2	7
2917	2	100
2918	2	70
2919	1	152
2920	2	86
2921	3	165
2922	2	110
2923	2	34
2924	2	181
2925	1	28
2926	3	10
2927	2	28
2928	3	158
2929	3	187
2930	1	31
2931	3	118
2932	3	166
2933	3	73
2934	2	19
2935	3	110
2936	1	12
2937	2	37
2938	2	59
2939	3	151
2940	2	47
2941	1	187
2942	3	61
2943	1	188
2944	2	193
2945	3	140
2946	2	46
2947	2	18
2948	1	105
2949	2	103
2950	3	17
2951	3	179
2952	3	15
2953	1	125
2954	3	8
2955	3	55
2956	3	167
2957	3	65
2958	3	148
2959	3	112
2960	3	82
2961	2	90
2962	2	120
2963	2	192
2964	2	80
2965	1	172
2966	2	131
2967	2	52
2968	2	20
2969	3	197
2970	2	151
2971	1	42
2972	1	198
2973	3	190
2974	3	192
2975	1	143
2976	1	129
2977	1	2
2978	1	196
2979	2	6
2980	2	159
2981	3	107
2982	3	41
2983	3	18
2984	2	114
2985	1	183
2986	1	111
2987	3	56
2988	1	176
2989	1	134
2990	1	161
2991	1	82
2992	3	51
2993	2	94
2994	2	101
2995	3	26
2996	1	92
2997	3	164
2998	2	176
2999	1	139
3000	3	140
3001	2	186
3002	3	138
3003	3	11
3004	2	98
3005	3	133
3006	1	19
3007	1	137
3008	2	199
3009	2	95
3010	1	90
3011	2	80
3012	2	23
3013	2	13
3014	3	89
3015	3	82
3016	3	40
3017	1	51
3018	1	16
3019	3	50
3020	1	88
3021	2	97
3022	2	94
3023	3	87
3024	2	30
3025	2	72
3026	3	61
3027	3	47
3028	2	117
3029	1	120
3030	3	171
3031	3	64
3032	3	9
3033	2	72
3034	2	63
3035	3	189
3036	2	133
3037	3	141
3038	1	179
3039	2	35
3040	3	171
3041	2	29
3042	1	126
3043	1	85
3044	2	131
3045	1	22
3046	1	137
3047	2	54
3048	1	193
3049	2	37
3050	2	101
3051	3	77
3052	1	191
3053	2	17
3054	2	148
3055	3	155
3056	2	193
3057	2	54
3058	2	37
3059	2	170
3060	1	22
3061	3	178
3062	1	97
3063	1	70
3064	2	162
3065	2	129
3066	1	70
3067	3	75
3068	3	109
3069	2	198
3070	3	114
3071	1	81
3072	1	161
3073	1	171
3074	3	62
3075	1	39
3076	3	20
3077	1	47
3078	2	26
3079	3	9
3080	3	151
3081	1	110
3082	2	118
3083	1	149
3084	2	107
3085	1	200
3086	1	96
3087	2	68
3088	2	9
3089	3	173
3090	3	154
3091	2	194
3092	3	178
3093	1	21
3094	1	13
3095	2	172
3096	2	28
3097	1	128
3098	3	64
3099	1	15
3100	3	73
3101	1	111
3102	3	127
3103	2	54
3104	2	157
3105	3	24
3106	2	80
3107	1	113
3108	3	178
3109	2	95
3110	1	150
3111	1	40
3112	1	85
3113	2	141
3114	2	178
3115	1	12
3116	2	67
3117	3	49
3118	3	49
3119	1	7
3120	2	78
3121	1	31
3122	1	100
3123	2	182
3124	1	90
3125	3	111
3126	2	55
3127	2	113
3128	1	161
3129	1	144
3130	1	161
3131	2	112
3132	2	23
3133	1	67
3134	1	5
3135	1	119
3136	1	177
3137	1	171
3138	1	156
3139	1	158
3140	1	32
3141	3	12
3142	3	15
3143	1	102
3144	2	13
3145	3	193
3146	2	132
3147	3	193
3148	2	68
3149	1	13
3150	3	133
3151	1	58
3152	2	11
3153	2	101
3154	1	10
3155	3	138
3156	3	176
3157	2	95
3158	3	112
3159	3	54
3160	2	96
3161	2	87
3162	2	111
3163	1	159
3164	1	127
3165	2	173
3166	3	200
3167	2	54
3168	3	37
3169	3	31
3170	1	32
3171	3	12
3172	1	86
3173	2	150
3174	2	154
3175	3	25
3176	2	80
3177	3	70
3178	3	98
3179	1	40
3180	3	66
3181	1	125
3182	1	123
3183	2	86
3184	3	170
3185	2	75
3186	3	31
3187	3	143
3188	1	197
3189	2	2
3190	1	196
3191	3	60
3192	2	153
3193	3	18
3194	2	55
3195	1	200
3196	1	63
3197	2	106
3198	3	199
3199	2	50
3200	3	38
3201	1	43
3202	3	25
3203	1	125
3204	1	51
3205	3	37
3206	1	52
3207	2	155
3208	2	30
3209	2	16
3210	2	3
3211	2	43
3212	2	57
3213	1	76
3214	1	134
3215	3	34
3216	3	181
3217	3	119
3218	3	95
3219	3	53
3220	3	183
3221	3	177
3222	1	183
3223	1	3
3224	3	12
3225	1	8
3226	1	189
3227	2	168
3228	1	20
3229	3	125
3230	2	114
3231	1	58
3232	2	76
3233	3	41
3234	1	38
3235	2	36
3236	1	198
3237	1	84
3238	1	106
3239	1	53
3240	2	176
3241	1	36
3242	3	114
3243	1	126
3244	2	137
3245	2	134
3246	3	121
3247	1	124
3248	1	200
3249	3	108
3250	3	57
3251	1	63
3252	2	147
3253	2	2
3254	2	106
3255	2	33
3256	2	189
3257	3	8
3258	3	166
3259	3	53
3260	3	131
3261	1	27
3262	2	108
3263	3	85
3264	1	68
3265	3	38
3266	3	151
3267	3	3
3268	2	166
3269	1	151
3270	1	74
3271	1	156
3272	1	23
3273	2	80
3274	2	146
3275	1	41
3276	1	105
3277	1	29
3278	3	149
3279	1	59
3280	1	195
3281	3	58
3282	3	127
3283	1	200
3284	1	136
3285	3	36
3286	3	194
3287	1	114
3288	1	114
3289	2	73
3290	1	148
3291	2	59
3292	1	20
3293	2	114
3294	2	166
3295	2	5
3296	1	6
3297	1	138
3298	1	117
3299	1	63
3300	3	120
3301	3	173
3302	1	83
3303	2	84
3304	2	66
3305	1	188
3306	1	75
3307	1	108
3308	2	122
3309	1	12
3310	1	200
3311	2	84
3312	3	128
3313	1	95
3314	3	97
3315	2	124
3316	3	38
3317	1	98
3318	2	119
3319	1	76
3320	1	179
3321	3	106
3322	2	192
3323	2	72
3324	2	51
3325	1	70
3326	3	139
3327	3	105
3328	2	102
3329	3	114
3330	2	113
3331	1	52
3332	3	85
3333	3	50
3334	3	123
3335	3	35
3336	1	91
3337	1	140
3338	1	139
3339	1	164
3340	1	64
3341	2	126
3342	1	108
3343	2	2
3344	1	14
3345	3	194
3346	1	4
3347	1	81
3348	3	32
3349	3	36
3350	1	51
3351	3	136
3352	1	82
3353	3	178
3354	2	195
3355	1	98
3356	3	18
3357	3	29
3358	2	37
3359	2	138
3360	1	72
3361	1	114
3362	2	109
3363	1	79
3364	1	85
3365	3	14
3366	1	125
3367	2	192
3368	1	52
3369	3	118
3370	1	61
3371	1	144
3372	3	196
3373	1	169
3374	2	46
3375	3	52
3376	3	133
3377	1	176
3378	3	185
3379	1	166
3380	2	50
3381	2	106
3382	3	49
3383	3	195
3384	3	112
3385	3	108
3386	1	187
3387	1	187
3388	2	124
3389	2	169
3390	1	164
3391	3	29
3392	3	157
3393	1	57
3394	1	44
3395	3	167
3396	2	136
3397	3	77
3398	1	69
3399	2	170
3400	3	47
3401	2	167
3402	1	162
3403	3	79
3404	3	125
3405	1	105
3406	3	182
3407	3	4
3408	1	149
3409	3	194
3410	1	31
3411	3	180
3412	2	143
3413	2	98
3414	1	22
3415	1	72
3416	3	134
3417	3	199
3418	1	51
3419	3	172
3420	3	41
3421	1	123
3422	2	22
3423	1	61
3424	2	114
3425	3	47
3426	1	103
3427	3	170
3428	1	15
3429	1	41
3430	1	83
3431	2	128
3432	2	59
3433	2	36
3434	2	1
3435	1	135
3436	1	195
3437	1	154
3438	2	118
3439	1	35
3440	3	94
3441	3	102
3442	2	63
3443	2	40
3444	3	196
3445	2	142
3446	3	151
3447	2	13
3448	3	50
3449	1	12
3450	1	44
3451	2	158
3452	1	35
3453	3	74
3454	2	177
3455	1	55
3456	3	25
3457	3	90
3458	2	55
3459	3	23
3460	1	77
3461	3	128
3462	2	104
3463	2	133
3464	1	17
3465	1	3
3466	2	148
3467	2	77
3468	3	8
3469	3	62
3470	3	3
3471	2	4
3472	2	62
3473	2	173
3474	1	57
3475	1	18
3476	2	32
3477	2	43
3478	2	108
3479	2	144
3480	2	116
3481	2	147
3482	1	122
3483	2	186
3484	1	138
3485	3	89
3486	1	160
3487	1	186
3488	1	146
3489	1	35
3490	2	181
3491	3	39
3492	2	115
3493	1	24
3494	2	155
3495	2	10
3496	1	23
3497	2	122
3498	2	19
3499	1	31
3500	2	1
3501	2	37
3502	1	91
3503	1	106
3504	3	187
3505	3	96
3506	3	146
3507	3	126
3508	1	186
3509	1	149
3510	1	171
3511	1	63
3512	1	37
3513	2	14
3514	1	192
3515	3	70
3516	2	127
3517	1	71
3518	2	87
3519	1	83
3520	1	51
3521	2	90
3522	3	52
3523	3	63
3524	3	192
3525	3	169
3526	1	72
3527	1	196
3528	3	72
3529	3	175
3530	1	62
3531	3	9
3532	1	54
3533	1	162
3534	2	141
3535	3	197
3536	2	19
3537	3	92
3538	3	114
3539	1	151
3540	1	45
3541	2	108
3542	2	192
3543	2	129
3544	2	38
3545	1	145
3546	2	72
3547	2	178
3548	2	168
3549	3	37
3550	3	70
3551	3	152
3552	2	13
3553	3	150
3554	3	174
3555	2	180
3556	3	98
3557	1	27
3558	2	90
3559	1	23
3560	3	96
3561	1	109
3562	2	81
3563	2	36
3564	3	192
3565	2	109
3566	2	43
3567	2	110
3568	1	91
3569	2	195
3570	1	151
3571	3	118
3572	1	52
3573	3	92
3574	3	79
3575	3	54
3576	2	19
3577	2	133
3578	1	15
3579	1	177
3580	3	89
3581	3	146
3582	1	188
3583	3	13
3584	1	167
3585	2	184
3586	3	12
3587	1	133
3588	2	191
3589	1	83
3590	1	130
3591	2	82
3592	3	127
3593	1	63
3594	3	141
3595	2	50
3596	1	63
3597	2	52
3598	2	46
3599	2	29
3600	1	65
3601	1	144
3602	3	98
3603	1	65
3604	1	111
3605	1	86
3606	3	127
3607	1	127
3608	1	156
3609	2	174
3610	1	136
3611	1	161
3612	1	129
3613	1	19
3614	3	83
3615	3	166
3616	3	5
3617	2	145
3618	1	171
3619	1	79
3620	3	107
3621	1	155
3622	1	44
3623	1	15
3624	1	71
3625	2	19
3626	2	16
3627	3	2
3628	1	19
3629	2	1
3630	3	127
3631	2	199
3632	2	34
3633	3	151
3634	2	37
3635	1	39
3636	3	99
3637	2	175
3638	3	23
3639	1	52
3640	3	33
3641	2	70
3642	2	73
3643	3	154
3644	2	52
3645	3	148
3646	1	179
3647	1	164
3648	3	88
3649	2	80
3650	1	152
3651	1	158
3652	2	62
3653	2	151
3654	1	103
3655	1	113
3656	2	175
3657	2	19
3658	1	110
3659	2	194
3660	1	173
3661	3	31
3662	2	117
3663	1	117
3664	3	169
3665	1	167
3666	2	88
3667	3	140
3668	1	104
3669	1	46
3670	1	77
3671	3	176
3672	1	126
3673	3	98
3674	3	15
3675	2	126
3676	2	100
3677	1	130
3678	2	47
3679	3	188
3680	3	147
3681	2	4
3682	2	19
3683	3	150
3684	1	151
3685	1	184
3686	2	31
3687	1	70
3688	2	32
3689	2	35
3690	2	151
3691	1	145
3692	3	9
3693	1	192
3694	3	149
3695	2	79
3696	1	178
3697	3	161
3698	2	173
3699	2	93
3700	3	154
3701	1	11
3702	2	185
3703	2	30
3704	1	149
3705	2	44
3706	3	47
3707	3	19
3708	3	87
3709	3	44
3710	3	164
3711	2	41
3712	2	116
3713	2	130
3714	1	185
3715	3	88
3716	3	162
3717	3	22
3718	2	111
3719	1	189
3720	3	91
3721	2	22
3722	3	177
3723	2	123
3724	3	84
3725	1	107
3726	1	164
3727	3	2
3728	1	19
3729	1	22
3730	1	177
3731	2	172
3732	3	176
3733	2	57
3734	2	74
3735	1	169
3736	2	63
3737	1	23
3738	2	22
3739	1	163
3740	2	179
3741	3	53
3742	1	162
3743	1	158
3744	3	92
3745	3	91
3746	3	27
3747	3	98
3748	3	54
3749	2	110
3750	3	122
3751	3	67
3752	3	49
3753	3	178
3754	3	82
3755	2	34
3756	3	5
3757	1	182
3758	1	136
3759	2	52
3760	2	71
3761	2	175
3762	1	153
3763	1	106
3764	1	79
3765	1	173
3766	3	196
3767	2	34
3768	3	11
3769	2	162
3770	1	55
3771	2	43
3772	3	45
3773	1	9
3774	3	156
3775	3	90
3776	1	88
3777	2	112
3778	1	39
3779	3	185
3780	1	122
3781	2	83
3782	3	4
3783	3	190
3784	3	24
3785	3	197
3786	3	167
3787	1	55
3788	3	77
3789	3	164
3790	2	19
3791	3	128
3792	1	99
3793	3	69
3794	1	56
3795	2	167
3796	3	141
3797	2	98
3798	3	43
3799	3	121
3800	2	176
3801	1	70
3802	2	61
3803	3	131
3804	3	186
3805	2	119
3806	3	127
3807	2	27
3808	2	167
3809	3	171
3810	1	170
3811	1	56
3812	1	4
3813	2	194
3814	3	2
3815	3	95
3816	1	22
3817	3	104
3818	2	11
3819	2	184
3820	3	189
3821	3	65
3822	1	157
3823	2	32
3824	1	64
3825	1	81
3826	3	158
3827	1	169
3828	2	120
3829	2	17
3830	1	117
3831	2	60
3832	2	106
3833	2	48
3834	2	28
3835	2	184
3836	1	112
3837	3	55
3838	3	117
3839	1	186
3840	1	63
3841	3	159
3842	1	38
3843	1	196
3844	1	176
3845	2	193
3846	1	115
3847	3	175
3848	2	166
3849	3	6
3850	2	171
3851	1	89
3852	3	34
3853	1	59
3854	1	105
3855	3	185
3856	2	121
3857	3	188
3858	3	39
3859	3	5
3860	2	16
3861	1	122
3862	2	138
3863	2	130
3864	1	171
3865	3	196
3866	2	154
3867	2	26
3868	1	79
3869	1	100
3870	1	141
3871	1	168
3872	2	128
3873	3	126
3874	1	61
3875	1	153
3876	1	4
3877	3	91
3878	3	14
3879	1	2
3880	3	159
3881	2	109
3882	3	39
3883	3	55
3884	3	56
3885	3	175
3886	3	102
3887	2	83
3888	3	174
3889	2	107
3890	1	19
3891	2	189
3892	1	38
3893	2	139
3894	2	197
3895	3	16
3896	1	57
3897	3	154
3898	2	12
3899	1	106
3900	2	52
3901	3	76
3902	3	159
3903	2	186
3904	1	94
3905	2	185
3906	3	18
3907	3	2
3908	3	59
3909	1	123
3910	1	94
3911	3	148
3912	1	48
3913	3	73
3914	3	15
3915	1	2
3916	2	27
3917	3	73
3918	3	118
3919	1	60
3920	2	48
3921	1	50
3922	1	149
3923	1	28
3924	3	85
3925	3	67
3926	2	84
3927	1	125
3928	2	155
3929	1	18
3930	1	151
3931	2	123
3932	3	190
3933	3	111
3934	1	82
3935	2	183
3936	1	4
3937	3	6
3938	2	21
3939	3	136
3940	2	125
3941	2	114
3942	2	194
3943	1	1
3944	3	55
3945	3	126
3946	3	172
3947	1	167
3948	2	27
3949	2	73
3950	2	95
3951	1	188
3952	2	97
3953	2	3
3954	3	176
3955	2	172
3956	2	58
3957	2	69
3958	3	94
3959	1	54
3960	1	18
3961	3	131
3962	2	125
3963	1	80
3964	3	149
3965	3	56
3966	2	37
3967	3	189
3968	2	135
3969	1	190
3970	3	197
3971	1	59
3972	2	185
3973	1	121
3974	2	167
3975	2	178
3976	3	89
3977	3	15
3978	2	7
3979	2	59
3980	1	9
3981	3	125
3982	1	114
3983	2	17
3984	1	14
3985	1	75
3986	1	96
3987	3	117
3988	2	81
3989	3	3
3990	2	187
3991	3	5
3992	3	36
3993	3	178
3994	3	121
3995	1	8
3996	2	200
3997	3	178
3998	3	174
3999	1	168
4000	2	122